function [M_bar,H_bar,B_bar,B_bar_inv,M_bar_inv] = load_stance_matrices(stanceLeg)
% if stanceLeg == -1
%     load('left_stance_matrices');
% else
%     load('right_stance_matrices');
% end

if stanceLeg == -1
    B_bar = [-0.995380109168283,0,0.00130490913025183,0,0,0,0,0;-0.0459687796937460,1,-0.119652636069880,0,0,0,0,0;0.00231513848822950,0,1.10261969466853,0,0,0,0,0;0.0165384538141687,0,-0.498051300325455,1,0,0,0,0;-1.31172533976940e-17,0,-1.24019111354613e-19,0,1,0,0,0;-1.02532562010657e-18,0,-1.25236840686183e-20,0,0,1,0,0;-3.57882117019015e-20,0,-2.80888782024371e-20,0,0,0,1,0;-2.68487988921960e-19,0,-2.70536956417874e-19,0,0,0,0,1];
    B_bar_inv =[-1.00463856792028,0,0.00118895213483049,0,0,0,0,0;-0.0459296124895422,1,0.108571042780579,0,0,0,0,0;0.00210941036750773,0,0.906928519639559,0,0,0,0,0;0.0176657631319393,0,0.451677265078754,1,0,0,0,0;-1.31778370613074e-17,0,1.28072255498154e-19,0,1,0,0,0;-1.03005524504682e-18,0,1.25771493377076e-20,0,0,1,0,0;-3.58949667817342e-20,0,2.55171551971769e-20,0,0,0,1,0;-2.69162715233691e-19,0,2.45676900759460e-19,0,0,0,0,1] ;
    H_bar = [-43.7045717534262;1.42804030968663;-13.7103932420797;98.6473157825895;-1.46748726693956;0.0447147570605084;1.37719181235807;-3.93395632754045];
    M_bar = [1.90111251106210,0.0898982195431220,0.214272716347337,-1.45902854746677,0.738821601292159,-0.0347319332146189,-0.0349084201755935,0.108597313454137;0.0898982195431220,0.736357264466351,0.188207690720379,0.0359107380900576,0.113666594107980,-0.150729593141982,-0.119177594922209,-0.0571284849181329;0.214272716347337,0.188207690720379,1.19853116641906,-0.497692594088566,0.00687221286045497,-0.0254298572913791,-0.627383226984352,-0.361978086921563;-1.45902854746677,0.0359107380900577,-0.497692594088566,3.38848025825612,-0.0489704484201344,0.00149323369872578,0.0459573571582241,-0.131274511980260;0.738821601292159,0.113666594107980,0.00687221286045497,-0.0489704484201344,0.729275069946001,-0.0342656534695622,0.00190520894691574,-0.000105391253327805;-0.0347319332146189,-0.150729593141981,-0.0254298572913791,0.00149323369872577,-0.0342656534695622,0.170336321152509,-0.00276752783524372,-0.00175119318366524;-0.0349084201755935,-0.119177594922209,-0.627383226984352,0.0459573571582240,0.00190520894691574,-0.00276752783524372,0.618851420396488,0.315423749972702;0.108597313454137,-0.0571284849181329,-0.361978086921563,-0.131274511980260,-0.000105391253327805,-0.00175119318366524,0.315423749972702,0.400905684688953];
    M_bar_inv = [1.82499886471472,0.0403571395920713,-0.00242650856962668,0.735491497142874,-1.80487357246821,0.0379192981530621,0.312070185378423,-0.495801523127858;0.0403571395920717,1.77658365377705,-0.186332612196006,-0.0401463653955169,-0.248588221304340,1.50532968168216,0.219798891160303,-0.105579764865680;-0.00242650856962692,-0.186332612196006,2.09942906056695,0.307761690443009,0.0366282610069832,0.187498136322118,1.77879839190283,0.571765750570187;0.735491497142873,-0.0401463653955171,0.307761690443009,0.646983464339066,-0.698073220000753,0.0193259116979864,0.258522327309663,0.0812802529190454;-1.80487357246821,-0.248588221304339,0.0366282610069829,-0.698073220000753,3.19532296600450,0.0662904029037997,-0.337757334941829,0.524841374929774;0.0379192981530622,1.50532968168216,0.187498136322119,0.0193259116979865,0.0662904029037995,7.26004620530328,0.506126126810534,0.0133772495796962;0.312070185378423,0.219798891160303,1.77879839190283,0.258522327309664,-0.337757334941829,0.506126126810534,4.38665715048518,-1.81168519894765;-0.495801523127859,-0.105579764865680,0.571765750570186,0.0812802529190449,0.524841374929774,0.0133772495796962,-1.81168519894766,4.58206293580881];
else
    B_bar = [1,0,0,0,1.89319247996560e-20,0,-2.16490486207320e-20,0;0,1,0,0,6.16589371908401e-21,0,-8.82634573931586e-19,0;0,0,1,0,-1.95200902691418e-20,0,4.73844657723300e-18,0;0,0,0,1,-8.92791186036948e-20,0,1.85520487161081e-18,0;0,0,0,0,-0.995289648094583,0,-0.00132034630263540,0;0,0,0,0,-0.0458674277280207,1,0.118813717569975,0;0,0,0,0,-0.00228350924327186,0,1.10241822119703,0;0,0,0,0,-0.0167942634168841,0,-0.498003362019460,1];
    B_bar_inv = [1,0,0,0,1.89764154387950e-20,0,1.96605096359526e-20,0;0,1,0,0,4.35815289062789e-21,0,8.00640184669891e-19,0;0,0,1,0,-9.75094708111485e-21,0,-4.29824123073257e-18,0;0,0,0,1,-8.58404181218416e-20,0,-1.68295314338596e-18,0;0,0,0,0,-1.00472988346759,0,-0.00120334675287142,0;0,0,0,0,-0.0458371048227279,1,-0.107830436885173,0;0,0,0,0,-0.00208116115261456,0,0.907094270503575,0;0,0,0,0,-0.0179101235766763,0,0.451715787057020,1];
    H_bar = [1.45696463921250;-0.0456987132208946;1.37809739983707;-3.93344460745188;43.6927809276331;-1.41181711616694;-13.7053040869966;98.6341176140124];
    M_bar = [0.729279242702313,-0.0342672139229447,-0.00192413275084281,9.43730003095542e-05,0.738679285314326,0.113622643546743,-0.00696423334039751,0.0486125600621200;-0.0342672139229448,0.170335976044093,0.00276753620565016,0.00175119190474790,-0.0347470276933375,-0.150718234538350,0.0256370006737834,-0.00152562662619242;-0.00192413275084281,0.00276753620565016,0.618854425451673,0.315425387049661,0.0349002539882795,0.118805365508462,-0.627531772192151,0.0459811702279970;9.43730003095542e-05,0.00175119190474790,0.315425387049661,0.400905638713042,-0.108597456471476,0.0568766594343956,-0.362054963391207,-0.131239778783807;0.738679285314326,-0.0347470276933375,0.0349002539882796,-0.108597456471476,1.90078057429666,0.0900538046618039,-0.213946085694919,1.45844905612905;0.113622643546743,-0.150718234538350,0.118805365508462,0.0568766594343956,0.0900538046618040,0.735870879190748,-0.189788828483516,-0.0353525002976169;-0.00696423334039751,0.0256370006737834,-0.627531772192151,-0.362054963391207,-0.213946085694918,-0.189788828483516,1.19911340570126,-0.497473323287480;0.0486125600621200,-0.00152562662619242,0.0459811702279970,-0.131239778783807,1.45844905612905,-0.0353525002976170,-0.497473323287479,3.38762611659728];
    M_bar_inv = [3.19527476196434,0.0660994481721449,0.338324432612960,-0.524540517082436,-1.80487714771296,-0.248713644202011,-0.0358047632239408,0.698450758550687;0.0660994481721451,7.26004706848720,-0.502976455993522,-0.0122269926885933,0.0381350951546646,1.50573122660581,-0.184565254636699,-0.0191335709150809;0.338324432612961,-0.502976455993522,4.38559827424292,-1.81201961992750,-0.313078806990023,-0.213823610099612,1.77843113077838,0.258911148999787;-0.524540517082436,-0.0122269926885934,-1.81201961992750,4.58197576832111,0.495479159133193,0.107578158122782,0.571581132950288,0.0813712238425488;-1.80487714771296,0.0381350951546648,-0.313078806990023,0.495479159133193,1.82502037308015,0.0403747143356558,0.00123458093870162,-0.735747527249393;-0.248713644202011,1.50573122660581,-0.213823610099612,0.107578158122782,0.0403747143356558,1.77862685434987,0.192575665423288,0.0407760118733536;-0.0358047632239404,-0.184565254636699,1.77843113077838,0.571581132950287,0.00123458093870118,0.192575665423288,2.09954991155088,0.308232465523292;0.698450758550687,-0.0191335709150809,0.258911148999787,0.0813712238425487,-0.735747527249393,0.0407760118733537,0.308232465523291,0.647244001493903];
end

end

